0.00	-0.02	-0.77	9.11	-0.00
0.09	0.26	-0.34	7.52	0.02
0.16	-0.34	-0.88	9.33	0.00
0.23	0.31	-0.67	8.17	0.02
0.30	-0.31	-0.31	7.70	0.00
0.37	0.27	-0.47	7.84	0.02
0.43	-0.22	-0.69	9.46	0.01
0.50	0.43	-0.57	7.80	0.04
0.57	-0.16	-0.53	8.37	0.03
0.64	-0.61	-0.62	8.91	-0.01
0.70	-0.16	-0.71	8.37	-0.02
0.77	0.09	-0.81	10.08	-0.02
0.84	0.35	-0.33	8.50	0.01
0.91	-0.27	-0.64	8.89	-0.01
0.98	0.24	-0.64	8.15	0.01
1.04	-0.44	-0.38	8.21	-0.02
1.11	-0.34	-0.62	8.67	-0.04
1.18	-0.33	-0.80	9.80	-0.07
1.25	-0.19	-0.44	8.36	-0.08
1.32	-0.09	-1.21	9.94	-0.08
1.39	0.02	-1.01	9.31	-0.08
1.46	-0.01	-0.29	8.25	-0.08
1.52	0.01	-1.21	10.18	-0.08
1.59	0.11	-0.18	9.06	-0.07
1.66	0.44	-0.94	10.60	-0.04
1.73	0.54	-1.14	8.24	-0.00
1.79	0.48	-1.45	10.09	0.03
1.86	0.42	-0.33	9.94	0.06
1.93	0.24	-0.54	8.60	0.08
2.00	-0.10	-1.09	9.26	0.07
2.07	-0.05	-0.65	8.96	0.07
2.13	0.07	-1.05	10.76	0.07
2.20	0.19	-0.67	8.74	0.09
2.27	0.08	-0.56	9.08	0.09
2.34	-0.26	-0.71	10.01	0.08
2.41	-0.15	-0.39	7.73	0.07
2.48	-0.31	-1.15	10.68	0.05
2.55	-0.54	-0.48	8.48	0.01
2.61	0.05	-0.65	10.34	0.01
2.68	-0.27	-0.89	10.70	-0.01
2.75	0.34	-0.62	9.44	0.02
2.82	-0.17	-0.90	10.62	0.01
2.88	0.57	-0.96	10.61	0.05
2.95	0.21	0.13	8.15	0.06
3.02	-0.03	-0.55	8.31	0.06
3.09	-0.21	-0.89	10.70	0.05
3.16	-0.32	-1.13	7.48	0.02
3.22	-0.54	-0.79	9.06	-0.01
3.29	-0.02	-0.36	9.70	-0.01
3.36	0.87	0.21	7.61	0.05
3.43	0.23	-0.33	8.64	0.07
3.50	0.15	-0.64	9.19	0.08
3.56	-0.35	-0.81	10.97	0.05
3.63	-1.03	-0.86	11.54	-0.02
3.70	-0.83	-0.88	9.22	-0.07
3.77	-0.03	-0.65	8.89	-0.07
3.84	0.24	-0.80	7.51	-0.06
3.91	0.29	-1.11	10.23	-0.04
3.97	0.25	-0.69	9.41	-0.02
4.04	0.51	-1.03	10.28	0.02
4.11	0.09	-1.41	10.83	0.02
4.18	-0.40	-0.82	8.78	-0.00
4.25	-0.08	-0.22	7.86	-0.01
4.31	-0.14	-1.41	10.48	-0.02
4.38	-0.14	-0.46	8.00	-0.02
4.47	-0.02	-0.47	7.55	-0.03
4.54	0.07	-1.00	10.28	-0.02
4.60	0.18	-0.96	8.92	-0.01
4.67	-0.61	-0.07	7.81	-0.05
4.74	-0.43	-0.38	8.06	-0.08
4.81	-0.22	0.15	8.66	-0.09
4.88	-0.12	-0.73	9.37	-0.10
4.95	-0.15	-0.83	10.22	-0.11
5.02	0.01	-1.09	9.26	-0.11
5.08	-0.14	-1.10	9.51	-0.12
5.15	-0.07	-0.54	9.32	-0.12
5.22	0.00	-0.78	8.98	-0.12
5.29	0.89	-1.53	9.03	-0.05
5.36	-0.27	-1.56	9.76	-0.07
5.43	0.35	-1.19	10.63	-0.05
5.50	0.47	-0.55	8.88	-0.01
5.57	-0.01	-0.28	10.44	-0.01
5.64	0.91	-0.60	10.82	0.05
5.71	0.62	-1.03	9.51	0.09
5.77	0.22	-0.38	9.42	0.11
5.84	0.15	-1.20	9.00	0.12
5.91	0.02	-1.24	9.98	0.12
5.98	-0.23	-0.91	9.28	0.11
6.05	-0.22	-0.86	10.43	0.09
6.12	-0.38	-0.38	7.72	0.07
6.18	-0.53	-1.15	10.10	0.03
6.26	-1.11	-0.70	9.84	-0.04
6.32	-0.13	-0.54	9.11	-0.05
6.39	-0.06	-1.03	10.15	-0.06
6.46	0.05	-0.59	8.25	-0.05
6.53	0.20	-0.35	7.53	-0.04
6.60	0.36	-1.03	10.19	-0.01
6.66	-0.30	-0.77	9.29	-0.03
6.73	-0.16	-0.84	10.55	-0.04
6.80	-0.02	-1.15	10.69	-0.04
6.87	-0.01	-0.59	8.74	-0.04
6.94	0.10	-0.98	10.47	-0.04
7.01	0.41	-0.32	7.10	-0.01
7.07	-0.35	-0.31	8.54	-0.03
7.14	0.12	-0.77	9.18	-0.02
7.21	0.49	-1.51	10.71	0.01
7.28	0.07	-1.24	10.56	0.02
7.35	-0.34	-0.73	9.49	-0.00
7.42	0.10	-0.49	8.01	0.00
7.49	-0.67	-0.37	7.66	-0.04
7.55	-0.28	-0.84	8.39	-0.06
7.62	0.81	-0.41	8.47	-0.01
7.69	0.16	-0.56	7.81	0.01
7.76	-0.43	-1.04	10.20	-0.02
7.83	0.23	-1.02	9.16	-0.01
7.90	-0.48	-0.68	10.16	-0.04
7.96	0.33	-1.23	10.95	-0.01
8.03	-0.26	-0.97	10.03	-0.03
8.10	0.35	-0.61	8.58	-0.01
8.17	-0.51	-0.99	10.57	-0.04
8.23	-0.17	-1.12	10.60	-0.05
8.30	-0.08	-0.60	8.83	-0.06
8.37	0.12	-0.28	7.79	-0.05
8.44	0.71	-0.57	7.38	0.00
8.51	0.23	-0.24	8.38	0.02
8.57	-0.18	-0.54	8.43	0.01
8.64	0.28	-1.10	10.84	0.03
8.71	-0.18	-0.34	7.72	0.01
8.78	-0.72	-0.73	9.22	-0.03
8.85	-0.18	-0.80	10.45	-0.05
8.92	0.10	-1.05	10.41	-0.04
8.99	0.44	-0.48	8.71	-0.01
9.05	-0.08	-0.97	10.25	-0.01
9.12	0.53	-0.29	7.15	0.02
9.19	0.07	-0.64	8.10	0.03
9.26	-0.21	-0.73	9.57	0.02
9.33	-0.55	-0.52	7.43	-0.02
9.39	-0.15	-0.59	7.24	-0.03
9.46	0.39	-0.59	8.51	-0.00
9.53	-0.17	-0.88	10.13	-0.01
9.60	0.48	-1.14	10.80	0.02
9.66	0.22	-1.07	10.35	0.03
9.73	-0.05	-1.03	8.83	0.03
9.80	-0.39	-0.83	10.75	0.01
9.87	0.43	-1.13	10.71	0.04
9.94	0.19	-1.11	9.79	0.05
10.01	-0.11	-0.51	8.01	0.04
10.08	-0.29	-0.47	7.49	0.02
10.14	-0.64	-0.89	9.71	-0.02
10.21	-0.19	-0.93	8.58	-0.03
10.28	0.18	-0.77	10.56	-0.02
10.35	0.55	-1.00	10.28	0.02
10.41	0.20	-1.07	9.31	0.03
10.48	-0.29	-0.96	10.21	0.01
10.55	0.48	-1.24	10.92	0.05
10.62	-0.05	-0.20	8.27	0.04
10.69	-0.37	-0.90	8.35	0.02
10.75	0.18	-0.33	7.12	0.03
10.82	-0.21	-0.70	10.68	0.02
10.89	-0.82	-0.62	9.07	-0.04
10.96	-0.24	-0.80	10.08	-0.05
11.03	-0.13	-0.43	7.34	-0.06
11.10	0.00	-0.75	8.94	-0.06
11.17	0.20	-0.51	7.69	-0.04
11.23	0.49	-0.19	7.14	-0.01
11.30	-0.27	-0.53	8.36	-0.03
11.37	0.07	-0.77	9.71	-0.02
11.44	0.41	-1.01	10.70	0.01
11.50	-0.09	-0.92	10.69	0.00
11.57	0.36	-0.54	8.41	0.03
11.64	-0.17	-0.81	10.40	0.02
11.71	-0.73	-0.45	7.07	-0.03
11.78	-0.36	-1.01	10.27	-0.06
11.84	-0.06	-0.71	9.38	-0.06
11.91	0.03	-0.46	7.69	-0.06
11.98	-0.03	-1.03	10.83	-0.06
12.05	-0.14	-0.35	8.29	-0.07
12.11	-0.00	-0.67	9.93	-0.07
12.19	0.01	-1.04	11.17	-0.07
12.26	0.06	-1.14	10.10	-0.06
12.32	-0.08	-0.61	8.74	-0.06
12.39	-0.20	-1.27	10.98	-0.08
12.46	-0.10	-0.09	7.97	-0.08
12.53	-0.01	-0.90	9.27	-0.08
12.59	-0.14	-0.21	8.38	-0.09
12.66	-0.20	-1.44	10.62	-0.11
12.73	-0.04	-0.26	9.65	-0.11
12.80	-0.05	0.31	8.44	-0.11
12.86	0.52	-0.09	10.43	-0.07
12.93	1.45	-1.88	10.67	0.02
13.00	1.28	-0.46	9.11	0.11
13.07	0.70	-0.98	10.02	0.16
13.14	0.26	-0.44	9.19	0.18
13.20	0.71	-0.60	8.78	0.23
13.28	1.17	-0.47	8.78	0.31
13.34	1.89	-0.47	7.52	0.44
13.41	1.32	0.15	7.44	0.53
13.48	0.41	-1.45	7.28	0.56
13.55	-0.29	-0.59	7.17	0.54
13.62	-0.94	0.08	7.54	0.48
13.69	-1.16	-0.72	7.28	0.40
13.78	-0.79	0.28	8.21	0.33
13.84	-0.36	-3.34	7.33	0.31
13.91	-0.05	0.52	8.35	0.31
13.98	-0.05	-1.70	8.37	0.30
14.05	-0.22	-0.39	8.25	0.29
14.12	-0.11	0.01	8.64	0.28
14.19	-0.38	-0.30	8.04	0.26
14.25	-0.78	-1.10	8.19	0.20
