0.00	0.02	-0.76	9.10	0.00
0.10	0.19	-0.39	7.32	0.02
0.16	-0.32	-0.56	8.68	-0.00
0.23	0.21	-0.79	9.65	0.01
0.30	-0.33	-0.87	10.24	-0.01
0.37	0.37	-0.36	8.07	0.02
0.44	-0.28	-0.55	8.96	-0.00
0.50	0.15	-0.94	10.00	0.01
0.57	-0.50	-1.03	10.51	-0.02
0.64	-0.30	-0.84	9.87	-0.04
0.71	-0.45	-0.68	9.45	-0.07
0.77	-0.43	-0.84	9.77	-0.10
0.84	-0.30	-0.46	9.16	-0.12
0.91	-0.38	-0.86	9.21	-0.15
0.98	-0.67	-0.59	9.03	-0.19
1.05	-0.15	-2.37	8.75	-0.20
1.11	0.81	-0.36	8.79	-0.15
1.18	0.65	-0.93	8.54	-0.10
1.25	1.34	-1.97	10.52	-0.00
1.32	1.09	-0.39	9.74	0.07
1.39	0.37	-0.46	9.46	0.10
1.46	-0.09	-0.77	9.40	0.09
1.53	-0.11	-0.59	8.55	0.08
1.59	-0.05	-0.54	9.07	0.08
1.66	-0.13	-0.72	8.30	0.07
1.73	-0.41	-0.90	9.78	0.05
1.80	-0.27	-1.01	9.00	0.03
1.86	-0.35	-1.00	8.75	0.01
1.93	0.03	-0.68	9.91	0.01
2.00	-0.64	-1.11	10.36	-0.03
2.07	-0.46	-0.81	9.47	-0.06
2.13	-0.14	-0.35	8.17	-0.07
2.20	0.20	-1.06	10.23	-0.06
2.27	0.18	-0.64	9.56	-0.05
2.34	0.15	-0.29	8.66	-0.03
2.41	0.19	-0.96	10.92	-0.02
2.48	0.32	-0.37	7.86	0.00
2.55	-0.55	-0.50	9.05	-0.04
2.62	-0.35	-1.07	10.17	-0.06
2.68	-0.27	-0.38	7.96	-0.08
2.75	-0.16	-0.47	8.10	-0.09
2.82	-0.11	-1.38	8.60	-0.09
2.89	0.04	-1.02	10.69	-0.09
2.95	0.42	-0.11	7.76	-0.06
3.02	0.94	-0.04	9.40	0.00
3.09	0.67	-1.45	10.15	0.05
3.16	-0.09	-0.82	8.75	0.04
3.23	-0.55	-0.48	8.88	0.01
3.29	-0.10	-1.14	9.97	-0.00
3.36	0.40	-0.83	10.07	0.03
3.43	0.26	-0.61	9.00	0.05
3.50	0.03	-0.59	9.07	0.05
3.57	-0.39	-0.67	9.74	0.02
3.63	0.23	-0.45	8.09	0.04
3.70	-0.39	-0.63	8.88	0.01
3.77	-0.00	-0.96	9.83	0.01
3.84	-0.27	-0.94	10.21	-0.00
3.91	0.26	-0.64	8.46	0.02
3.98	-0.55	-0.71	9.16	-0.02
4.04	-0.01	-0.88	9.93	-0.02
4.11	0.13	-1.01	10.15	-0.01
4.18	0.36	-0.79	8.58	0.01
4.25	-0.35	-0.68	8.91	-0.01
4.31	-0.04	-0.62	7.66	-0.01
4.38	0.34	-0.73	9.58	0.01
4.45	-0.26	-0.63	8.23	-0.01
4.52	0.32	-0.61	7.69	0.02
4.58	-0.28	-1.02	10.43	-0.00
4.65	0.32	-0.74	9.16	0.02
4.72	0.10	-0.96	9.85	0.03
4.79	-0.29	-0.68	8.55	0.01
4.85	-0.04	-0.62	8.16	0.01
4.92	-0.68	-0.68	9.24	-0.04
4.99	-0.42	-0.95	10.16	-0.07
5.06	-0.14	-0.57	8.12	-0.08
5.13	-0.01	-0.65	8.94	-0.08
5.20	-0.01	-0.56	8.26	-0.08
5.26	0.75	-0.94	10.47	-0.03
5.33	0.49	-0.87	10.07	0.01
5.40	0.06	-0.82	8.79	0.01
5.47	-0.67	-0.93	10.16	-0.03
5.54	-0.37	-0.60	7.75	-0.06
5.61	-0.05	-0.76	8.77	-0.06
5.67	0.77	0.04	8.16	-0.01
5.74	0.36	-0.64	8.08	0.02
5.81	-0.00	-0.53	8.03	0.02
5.88	-0.58	-0.68	9.03	-0.02
5.94	-0.36	-0.66	7.94	-0.04
6.01	-0.10	-0.46	7.58	-0.05
6.08	-0.04	-0.74	8.64	-0.05
6.15	0.41	-0.94	10.15	-0.02
6.22	0.27	-1.03	10.81	-0.00
6.29	-0.31	-0.47	8.43	-0.02
6.35	0.01	-0.85	8.82	-0.02
6.42	0.25	-0.91	10.04	-0.01
6.49	-0.39	-0.92	10.30	-0.03
6.56	-0.21	-0.58	8.54	-0.04
6.62	-0.06	-0.60	8.70	-0.05
6.69	0.11	-0.58	7.98	-0.04
6.76	0.41	-0.32	8.36	-0.01
6.83	-0.04	-0.73	9.15	-0.01
6.90	0.55	-0.63	7.49	0.03
6.96	-0.04	-0.41	7.72	0.02
7.03	-0.58	-0.38	8.29	-0.01
7.10	-0.30	-0.86	9.30	-0.03
7.17	-0.01	-0.35	7.70	-0.04
7.23	0.22	-0.43	7.67	-0.02
7.30	0.49	-0.24	8.67	0.01
7.37	-0.26	-0.75	8.43	-0.00
7.44	0.15	-0.67	7.94	0.01
7.51	-0.32	-0.71	9.81	-0.01
7.58	0.25	-0.60	8.49	0.01
7.64	-0.35	-0.79	8.36	-0.02
7.71	0.21	-1.07	9.96	-0.00
7.78	0.07	-0.42	9.01	0.00
7.85	0.03	-0.75	9.88	0.00
7.92	-0.21	-0.32	7.95	-0.01
7.98	0.34	-1.01	9.58	0.01
8.05	-0.21	-0.89	8.35	0.00
8.12	0.23	-1.04	10.47	0.02
8.19	-0.26	-0.87	10.21	0.00
8.25	0.18	-0.85	9.12	0.01
8.32	-0.41	-0.73	10.13	-0.01
8.39	0.08	-1.01	10.28	-0.01
8.46	0.56	-0.88	10.04	0.03
8.53	0.12	-0.62	8.65	0.04
8.59	-0.34	-1.08	10.70	0.02
8.68	0.55	-1.07	8.78	0.07
8.75	-0.38	-0.41	8.37	0.04
8.81	-0.79	-0.52	8.03	-0.01
8.89	-0.44	-0.97	9.38	-0.04
8.95	-0.26	-1.07	10.10	-0.06
9.03	-0.25	-0.62	8.22	-0.08
9.10	-0.07	-0.79	8.96	-0.08
9.16	-0.09	-0.65	8.17	-0.09
9.23	-0.14	-0.90	10.18	-0.10
9.30	0.02	-0.87	9.00	-0.09
9.37	0.52	-0.84	9.31	-0.06
9.43	1.28	-0.71	7.71	0.03
9.50	0.84	-0.63	8.35	0.09
9.57	-0.16	-0.68	9.29	0.08
9.64	-0.57	-0.45	8.27	0.04
9.70	-1.20	-0.97	10.03	-0.04
9.77	-0.34	-0.73	9.09	-0.06
9.84	0.38	-0.68	9.14	-0.04
9.91	1.01	-0.98	9.88	0.03
9.98	0.11	-0.49	8.28	0.04
10.05	-0.48	-0.69	9.09	0.01
10.12	-0.26	-0.71	9.86	-0.01
10.18	0.06	-0.55	7.70	-0.00
10.25	-0.79	-1.00	10.20	-0.06
10.32	-0.27	-0.72	8.53	-0.07
10.39	-0.14	-0.99	10.30	-0.08
10.45	-0.12	-0.48	7.96	-0.09
10.52	-0.01	-1.72	9.79	-0.09
10.59	0.98	-0.35	8.23	-0.02
10.66	0.72	-0.94	8.46	0.02
10.73	0.93	-1.00	9.97	0.09
10.79	0.45	-0.66	9.10	0.12
10.86	-0.21	-0.62	9.08	0.11
10.93	-0.73	-0.11	7.68	0.06
11.00	-1.13	-0.68	9.43	-0.02
11.07	-0.69	-0.80	8.22	-0.07
11.13	-0.41	-0.45	9.68	-0.09
11.20	-0.15	-0.62	9.07	-0.10
11.27	-0.17	-0.83	9.40	-0.11
11.34	-0.19	-0.85	9.28	-0.12
11.40	-0.26	-1.23	9.10	-0.14
11.47	0.41	-0.70	9.22	-0.11
11.54	1.49	-0.93	8.09	-0.01
11.61	0.75	-1.23	10.18	0.04
11.68	0.01	-0.63	8.27	0.04
11.74	-0.36	-0.64	8.59	0.02
11.81	0.37	-1.00	10.19	0.04
11.88	0.04	-1.20	10.69	0.05
11.95	-0.33	-0.84	8.75	0.02
12.02	-0.44	-0.62	8.22	-0.00
12.08	0.25	-0.99	10.61	0.01
12.15	-0.46	-0.32	7.80	-0.02
12.22	-0.38	-0.45	9.05	-0.04
12.29	-0.43	-0.94	7.92	-0.07
12.36	-0.33	-0.92	10.38	-0.09
12.43	-0.22	-0.70	9.08	-0.11
12.50	-0.14	-0.12	9.84	-0.12
12.56	0.59	-0.54	9.32	-0.08
12.63	0.90	-0.81	9.88	-0.02
12.70	0.66	-0.90	9.17	0.03
12.77	0.28	-0.66	8.05	0.05
12.83	-0.13	-1.15	10.61	0.04
12.90	-0.27	-0.46	8.63	0.02
12.97	-0.47	-0.66	9.84	-0.01
13.04	-0.04	-1.37	10.45	-0.01
13.10	0.15	-0.25	8.00	0.00
13.17	-0.67	-0.73	9.08	-0.04
13.24	-0.07	-0.50	8.19	-0.05
13.31	0.04	-1.20	10.24	-0.04
13.38	0.53	-0.73	8.97	-0.01
13.45	0.20	-0.71	8.36	0.01
13.51	0.22	-0.48	7.76	0.02
13.58	-0.36	-1.09	10.49	0.00
13.65	-0.16	-0.57	9.16	-0.01
13.72	0.10	-0.55	7.79	-0.00
13.79	-0.94	-0.23	7.75	-0.06
13.85	-0.51	-0.80	9.16	-0.10
13.92	-0.31	-0.75	9.13	-0.12
13.99	0.04	-0.54	9.22	-0.11
14.06	0.68	-1.15	9.51	-0.07
14.12	1.13	-1.16	9.51	0.01
14.19	0.72	-0.96	8.25	0.06
14.26	-0.23	-1.07	9.96	0.04
14.33	-0.86	-0.58	8.76	-0.01
14.40	-0.07	-0.76	10.11	-0.02
14.47	0.40	-0.64	8.13	0.01
14.53	-0.34	-0.57	8.43	-0.01
14.60	0.06	-0.70	9.67	-0.01
14.67	0.57	-0.69	8.07	0.03
14.74	-0.24	-0.50	8.33	0.02
14.81	-0.50	-0.78	8.70	-0.02
14.87	-0.17	-0.80	9.78	-0.03
14.94	0.25	-0.83	9.77	-0.01
15.01	-0.11	-1.10	10.20	-0.02
15.08	0.54	-0.98	9.49	0.02
15.14	0.11	-0.70	9.52	0.03
