0.00	-0.01	-0.73	9.07	0.00
0.10	0.03	-1.07	11.30	0.00
0.16	-0.48	-1.05	11.70	-0.03
0.23	-0.42	-0.82	10.07	-0.06
0.30	-0.34	-0.97	9.96	-0.08
0.37	-0.07	-0.47	7.90	-0.08
0.44	-0.07	-0.85	10.74	-0.09
0.50	-0.09	-0.88	9.01	-0.09
0.57	-0.02	-0.56	7.81	-0.09
0.64	0.07	-0.76	10.87	-0.09
0.71	-0.24	-0.27	7.94	-0.10
0.78	0.17	-1.81	9.70	-0.09
0.84	0.16	-0.27	7.30	-0.08
0.91	-0.21	-1.53	11.27	-0.09
0.98	-0.03	-0.64	7.91	-0.09
1.05	0.03	0.07	8.22	-0.09
1.12	-0.10	-1.20	11.12	-0.10
1.19	0.01	-1.21	9.69	-0.10
1.26	-0.06	-0.20	7.83	-0.10
1.33	1.87	1.49	6.40	0.03
1.39	1.06	-0.73	10.31	0.10
1.46	0.29	0.28	8.90	0.12
1.53	-0.69	-0.44	9.62	0.07
1.60	0.40	-1.23	11.43	0.10
1.66	-0.38	-1.11	9.45	0.08
1.73	-0.05	-0.76	7.71	0.07
1.80	-0.52	-1.43	10.70	0.04
1.87	0.07	-1.90	10.34	0.04
1.94	-0.12	-1.02	10.08	0.04
2.00	-0.24	-0.50	7.14	0.02
2.07	-0.58	-1.18	11.04	-0.02
2.14	0.27	-0.83	8.81	0.00
2.21	0.41	-0.35	7.19	0.03
2.28	0.22	-0.90	10.87	0.05
2.34	0.08	-0.62	9.06	0.05
2.41	-0.24	-0.80	10.17	0.04
2.48	-0.60	-0.41	6.82	-0.00
2.55	-0.19	-0.20	7.07	-0.01
2.62	0.16	-1.01	9.29	-0.00
2.69	-0.60	-0.57	8.08	-0.04
2.75	-0.48	-0.20	6.93	-0.08
2.82	-0.05	-0.73	9.26	-0.08
2.89	-0.02	-0.57	8.40	-0.08
2.96	-0.15	-0.98	10.98	-0.09
3.03	-0.01	-0.55	8.53	-0.09
3.09	0.04	-0.89	8.60	-0.09
3.16	-0.06	-0.54	7.36	-0.09
3.23	-0.20	-0.95	11.05	-0.10
3.30	1.27	-2.14	9.32	-0.01
3.37	1.00	-0.82	7.12	0.06
3.43	0.31	-0.60	9.27	0.08
3.50	-0.19	-0.67	9.49	0.07
3.57	-0.29	-0.77	9.95	0.05
3.64	-0.30	-0.38	7.30	0.03
3.71	-0.24	-0.97	10.89	0.01
3.77	0.15	-0.72	9.79	0.02
3.84	-0.63	-0.90	7.96	-0.02
3.91	-0.65	-1.38	10.85	-0.06
3.98	-0.21	-0.54	8.45	-0.08
4.05	-0.11	-0.69	8.64	-0.08
4.11	-0.21	-1.01	10.45	-0.10
4.18	0.65	-0.74	8.81	-0.05
4.25	0.91	-0.95	9.74	0.01
4.32	0.41	-0.74	8.13	0.04
4.39	-0.12	-0.54	7.35	0.03
4.46	-0.92	-0.51	8.07	-0.03
4.53	-0.82	-1.32	9.42	-0.08
4.59	-0.45	-0.61	9.01	-0.11
4.66	0.47	-0.66	9.07	-0.08
4.73	0.60	-0.58	8.66	-0.04
4.80	1.08	-0.77	10.68	0.03
4.86	0.46	-0.92	10.18	0.07
4.93	-0.10	-0.92	9.56	0.06
5.00	-0.34	-0.16	7.83	0.04
5.07	-0.36	-0.62	10.33	0.01
5.14	0.45	-0.36	7.93	0.04
5.20	-0.08	-0.75	8.99	0.04
5.27	-0.07	-0.41	8.31	0.04
5.34	-0.53	-0.45	7.21	0.00
5.41	-0.24	-0.41	7.73	-0.02
5.48	0.03	-0.68	8.05	-0.01
5.55	0.18	-1.23	11.32	0.00
5.61	-0.67	-0.82	9.84	-0.04
5.68	-0.54	-0.95	9.93	-0.08
5.75	-0.17	-0.70	8.49	-0.09
5.82	-0.21	-0.90	10.09	-0.11
5.88	-0.18	-0.82	9.27	-0.12
5.95	-0.33	-0.57	9.08	-0.14
6.02	-0.53	-0.35	9.27	-0.17
6.09	0.77	-1.09	9.48	-0.12
6.16	0.88	-0.72	9.71	-0.06
6.23	0.31	-0.98	10.77	-0.04
6.29	0.86	-0.34	7.36	0.02
6.36	0.24	-0.61	8.91	0.04
6.43	0.21	-0.33	8.01	0.05
6.50	0.10	-0.52	7.31	0.06
6.57	-0.08	-1.05	10.42	0.06
6.64	-0.19	-0.80	8.57	0.04
6.70	-0.48	-0.44	7.21	0.01
6.77	0.22	-1.00	7.86	0.03
6.84	-0.83	-0.18	8.04	-0.03
6.91	-0.56	-0.43	7.11	-0.06
6.97	-0.47	-1.13	10.94	-0.09
7.04	-0.06	-0.81	9.16	-0.10
7.11	-0.08	-0.62	8.70	-0.10
7.18	-0.20	-1.00	9.85	-0.12
7.25	-0.34	-0.58	9.24	-0.14
7.31	0.45	-1.07	9.41	-0.11
7.40	1.15	-1.30	10.53	-0.01
7.47	0.81	-0.60	8.46	0.05
7.53	0.51	-0.73	9.85	0.08
7.60	-0.50	-0.86	8.88	0.05
7.67	-1.24	0.01	6.67	-0.04
7.75	-0.75	-0.61	8.68	-0.09
7.81	-0.52	-0.30	9.17	-0.13
7.88	-0.75	-0.87	8.91	-0.18
7.95	0.24	-0.90	9.31	-0.16
8.02	1.19	-0.37	8.59	-0.08
8.08	1.57	-0.93	10.71	0.03
8.16	0.50	-0.78	9.24	0.07
8.23	-0.16	-0.55	9.84	0.06
8.29	-0.66	-0.53	8.33	0.01
8.36	-0.70	-0.17	7.24	-0.03
8.43	-0.64	-0.52	9.45	-0.08
8.50	-0.30	-0.51	9.09	-0.10
8.57	0.64	-1.08	9.45	-0.05
8.63	1.17	-1.00	9.58	0.03
8.71	0.43	-0.92	8.32	0.06
8.77	-0.52	-0.24	7.45	0.03
8.84	-0.33	-0.90	9.90	0.00
8.91	0.00	-1.00	8.57	0.00
8.98	-1.04	-0.08	7.01	-0.07
9.05	-0.71	-0.70	9.14	-0.11
9.11	-0.31	-0.84	9.29	-0.13
9.18	0.39	-1.02	9.19	-0.11
9.25	0.76	-0.88	11.02	-0.05
9.32	1.45	-1.13	9.98	0.04
9.38	0.70	-0.80	9.13	0.09
9.45	-0.45	-0.67	9.27	0.06
9.52	-1.19	-1.57	11.09	-0.02
9.59	-0.93	-0.73	9.24	-0.08
9.66	-0.73	-0.93	9.14	-0.13
9.72	-0.63	-0.64	9.23	-0.17
9.79	-0.35	-0.84	9.14	-0.19
9.86	0.33	-0.83	9.22	-0.17
9.93	0.67	-0.94	9.34	-0.12
10.00	1.17	-1.36	10.45	-0.04
10.07	0.91	-0.57	8.89	0.02
10.14	0.19	-0.35	7.85	0.04
10.20	-0.59	-1.05	10.99	-0.00
10.27	-0.16	-0.93	9.97	-0.01
10.34	0.36	-0.89	9.83	0.01
10.41	0.17	-0.57	7.35	0.02
10.47	-0.03	-0.98	10.89	0.02
10.54	-1.11	-0.74	8.12	-0.05
10.61	-0.57	-0.49	9.07	-0.09
10.68	-0.29	-0.86	9.22	-0.11
10.75	-0.35	-0.73	9.12	-0.13
10.81	-0.64	-0.72	9.00	-0.18
10.88	-0.79	-0.35	9.20	-0.23
10.95	-0.39	-0.73	9.18	-0.26
11.02	0.87	-0.70	8.92	-0.19
11.09	1.82	-0.78	8.52	-0.06
11.16	1.81	-0.49	9.78	0.06
11.23	1.60	-0.43	8.75	0.17
11.29	1.05	-0.81	8.96	0.24
11.36	0.93	-0.80	8.76	0.30
11.43	1.30	-0.98	7.95	0.39
11.50	1.98	-0.01	7.10	0.53
11.56	1.08	-1.59	7.41	0.60
11.63	0.11	-2.06	7.70	0.61
11.70	-0.25	0.70	7.34	0.59
11.77	-0.41	-0.38	7.59	0.57
11.84	-0.35	-0.53	7.74	0.54
11.90	-0.80	-1.20	8.14	0.49
11.97	-0.97	-0.72	7.63	0.42
12.04	-1.14	-1.03	9.00	0.35
12.11	-1.21	-1.00	8.66	0.26
12.18	-1.76	-0.51	7.98	0.14
12.25	-2.12	-0.52	8.51	0.00
12.32	-1.14	-1.30	9.26	-0.08
12.38	-0.62	-1.24	9.17	-0.12
12.45	-0.56	-1.15	9.07	-0.16
12.52	-0.33	-0.32	9.29	-0.18
12.59	0.44	-1.06	9.50	-0.15
12.66	0.26	-0.81	9.21	-0.13
12.72	0.20	-0.54	8.93	-0.12
12.79	0.25	-0.71	10.56	-0.10
12.86	0.34	-0.98	8.23	-0.07
12.93	0.17	-0.59	10.17	-0.06
13.00	-0.13	-0.82	10.79	-0.07
13.07	-0.12	-0.39	8.31	-0.08
13.13	-0.06	-0.65	9.07	-0.08
13.20	0.11	-0.62	7.92	-0.07
13.27	0.72	-1.00	11.31	-0.02
13.34	0.48	-0.55	8.60	0.01
13.41	-0.34	-0.78	8.22	-0.01
13.48	-0.40	-1.21	11.05	-0.04
13.55	-0.20	-0.86	10.51	-0.05
13.61	0.25	-0.45	9.35	-0.03
13.68	0.70	-0.21	7.60	0.02
13.75	0.10	-0.51	7.22	0.02
13.82	-0.10	-0.62	8.52	0.02
13.89	-0.20	-0.58	7.98	0.00
13.95	0.05	-0.45	7.20	0.01
14.02	-0.46	-1.11	10.83	-0.02
14.09	-0.22	-0.77	9.16	-0.04
14.16	-0.03	-1.04	10.99	-0.04
14.22	0.17	-0.91	10.98	-0.03
14.29	0.52	-0.81	9.90	0.01
14.36	-0.19	-0.54	8.03	-0.00
14.43	0.06	-0.92	11.20	0.00
14.50	-0.08	-0.98	10.28	-0.00
14.57	-0.22	-0.99	9.98	-0.02
14.63	-0.14	-0.46	7.58	-0.02
